46.0 6.24876694149 0.776000000985 0.0 0.0 0.0 0.530922140012 0.847420604685
46.1 6.24886890885 0.776255601898 0.0 0.0 0.0 0.530925031232 0.847418793284
46.2 6.2489236407 0.776375727551 0.0 0.0 0.0 0.53093055072 0.847415335188
46.3 6.27121123873 0.826225658262 0.0 0.0 0.0 0.522764260007 0.852477289116
46.4 6.31683290809 0.914985609671 0.0 0.0 0.0 0.522885559391 0.852402892874
46.5 6.34109198927 0.96282044254 0.0 0.0 0.0 0.522879429314 0.852406653188
46.6 6.36573261948 1.01317677841 0.0 0.0 0.0 0.52317904053 0.85222279455
46.7 6.38838415142 1.05775152575 0.0 0.0 0.0 0.52317904053 0.85222279455
46.8 6.41318544582 1.10065496924 0.0 0.0 0.0 0.523272977317 0.852165119686
46.9 6.43632946861 1.14730978964 0.0 0.0 0.0 0.523453856158 0.852054024387
47.0 6.45942888503 1.19353855434 0.0 0.0 0.0 0.523600215676 0.851964092051
47.1 6.48444323419 1.2422936736 0.0 0.0 0.0 0.527628283728 0.849475364098
47.2 6.50760091369 1.26178717023 0.0 0.0 0.0 0.657593274507 0.753373138174
47.3 6.49567592442 1.27293799923 0.0 0.0 0.0 0.767198699662 0.641409506662
47.4 6.48462117779 1.30281927454 0.0 0.0 0.0 0.814988950683 0.579476496732
47.5 6.47752727579 1.32940459767 0.0 0.0 0.0 0.857906334472 0.513806112529
47.6 6.46509925722 1.35334515841 0.0 0.0 0.0 0.895555849251 0.444949121667
47.7 6.45052864655 1.37685369548 0.0 0.0 0.0 0.927665283836 0.373412802626
47.8 6.43269243063 1.39745805157 0.0 0.0 0.0 0.954105431128 0.299470910595
47.9 6.41194279987 1.41417865001 0.0 0.0 0.0 0.974627406612 0.223833461037
48.0 6.36600506834 1.42482620326 0.0 0.0 0.0 0.954164811284 0.299281661496
48.1 6.30358369118 1.47978563828 0.0 0.0 0.0 0.926046867549 0.377408530776
48.2 6.26912482465 1.53470516353 0.0 0.0 0.0 0.926166947618 0.377113756234
48.3 6.23335721265 1.56964336515 0.0 0.0 0.0 0.926166947618 0.377113756234
48.4 6.19510736629 1.60640372383 0.0 0.0 0.0 0.926234087483 0.37694882303
48.5 6.15902049663 1.64184996302 0.0 0.0 0.0 0.926287964896 0.376816408997
48.6 6.1206827984 1.67769331054 0.0 0.0 0.0 0.926397206564 0.376547760146
48.8 6.10065795951 1.69128595956 0.0 0.0 0.0 0.997711850798 0.0676096352466
48.9 6.0717575659 1.68754641908 0.0 0.0 0.0 0.999941472984 -0.0108189928299
49.0 6.04607163395 1.68557485994 0.0 0.0 0.0 0.99600586535 -0.0892878277693
49.1 6.02005147561 1.68058708375 0.0 0.0 0.0 0.985933088279 -0.167140496101
49.2 6.02899220854 1.67235049588 0.0 0.0 0.0 0.996004212681 -0.0893062613746
49.3 6.02843608477 1.67591058726 0.0 0.0 0.0 0.985930755539 -0.167154255948
49.4 5.97524861188 1.66952439633 0.0 0.0 0.0 0.947716795833 -0.319112636691
49.6 5.9016281049 1.59706961528 0.0 0.0 0.0 0.959420585163 -0.281978972205
49.7 5.798962783 1.58735526739 0.0 0.0 0.0 0.985882179915 -0.167440518772
49.8 5.747682346 1.57205030267 0.0 0.0 0.0 0.98590051107 -0.16733254995
49.9 5.69639261524 1.55703982082 0.0 0.0 0.0 0.985921917811 -0.167206375416
50.1 5.60080502259 1.52294316149 0.0 0.0 0.0 0.985946506075 -0.167061327539
50.2 5.60382906654 1.52408698589 0.0 0.0 0.0 0.919965281444 -0.391999848134
50.3 5.57916714144 1.51326509702 0.0 0.0 0.0 0.886373381895 -0.462971087509
50.4 5.5687054894 1.48365392482 0.0 0.0 0.0 0.847333188014 -0.531061642834
50.5 5.55736819033 1.4590591209 0.0 0.0 0.0 0.802990017609 -0.595992476143
50.6 5.5504632195 1.43322855264 0.0 0.0 0.0 0.753770590734 -0.657137654182
50.7 5.54688349681 1.40659940027 0.0 0.0 0.0 0.699839102839 -0.714300518086
50.8 5.55430077403 1.34827070528 0.0 0.0 0.0 0.753629856735 -0.657299048408
50.9 5.533649921 1.27272386408 0.0 0.0 0.0 0.802904745519 -0.596107347399
51.0 5.50214579957 1.22496062152 0.0 0.0 0.0 0.802935187983 -0.59606634186
51.2 5.47097852785 1.12816164034 0.0 0.0 0.0 0.802914833952 -0.596093758917
51.3 5.45454428317 1.07924884613 0.0 0.0 0.0 0.802961124543 -0.596031402254
51.4 5.43903398019 1.03004929205 0.0 0.0 0.0 0.802981231373 -0.596004313795
51.5 5.42387498496 0.982420682329 0.0 0.0 0.0 0.802975859 -0.596011551787
51.6 5.40897987177 0.93467732618 0.0 0.0 0.0 0.803021108819 -0.595950584186
51.7 5.3931349306 0.885385105192 0.0 0.0 0.0 0.802996920671 -0.595983175428
51.8 5.37786424706 0.837007246284 0.0 0.0 0.0 0.803077764109 -0.595874235718
51.9 5.36439927821 0.79096785628 0.0 0.0 0.0 0.803185640626 -0.59572881976
52.0 5.35055302803 0.743390791662 0.0 0.0 0.0 0.803192364511 -0.595719754239
52.1 5.33650998436 0.698309194046 0.0 0.0 0.0 0.80322972412 -0.595669380017
52.2 5.32158749007 0.652304131016 0.0 0.0 0.0 0.803249599612 -0.595642577997
52.4 5.31880751884 0.63067597678 0.0 0.0 0.0 0.579576043873 -0.814918161148
52.5 5.33577175204 0.606193406641 0.0 0.0 0.0 0.51390216569 -0.857848800255
52.6 5.32965287656 0.605900964586 0.0 0.0 0.0 0.481557977954 -0.876414236459
52.7 5.36330010108 0.575159703504 0.0 0.0 0.0 0.549757512662 -0.835324294674
52.8 5.3852959129 0.499675299947 0.0 0.0 0.0 0.622115873931 -0.782925181229
52.9 5.38162073315 0.437330289707 0.0 0.0 0.0 0.61814585164 -0.786063423713
53.0 5.39790787769 0.38142931765 0.0 0.0 0.0 0.614099680419 -0.789228472946
53.1 5.41213814305 0.329586919921 0.0 0.0 0.0 0.614002731878 -0.789303899171
53.4 5.45350154287 0.179680682494 0.0 0.0 0.0 0.610338814503 -0.792140474607
53.5 5.46188755219 0.143028789166 0.0 0.0 0.0 0.618101504644 -0.786098295353
53.7 5.48825611265 0.0356852298352 0.0 0.0 0.0 0.610469583054 -0.79203970113
53.9 5.51585615102 -0.0632892470084 0.0 0.0 0.0 0.61096206986 -0.791659869636
54.2 5.55056546603 -0.152266403073 0.0 0.0 0.0 0.780188229033 -0.625544824355
54.3 5.55962853416 -0.177627487919 0.0 0.0 0.0 0.826862850354 -0.562403615479
54.4 5.53385548422 -0.204525080805 0.0 0.0 0.0 0.868433987105 -0.495804810426
55.1 5.44756438692 -0.585766936135 0.0 0.0 0.0 0.779727884254 -0.626118540308
55.2 5.43693063913 -0.634579658684 0.0 0.0 0.0 0.779838802686 -0.625980384537
55.3 5.42483156022 -0.684521522315 0.0 0.0 0.0 0.779859849846 -0.625954163336
55.4 5.41544690768 -0.733036736108 0.0 0.0 0.0 0.779828098292 -0.625993719708
55.6 5.39542294025 -0.831768197255 0.0 0.0 0.0 0.779846485136 -0.625970813714
55.7 5.38406410158 -0.882243787747 0.0 0.0 0.0 0.779866085547 -0.625946394361
55.8 5.373369299 -0.929494069278 0.0 0.0 0.0 0.779849814474 -0.625966665937
55.9 5.36368113305 -0.978837632209 0.0 0.0 0.0 0.779825632165 -0.625996791859
56.0 5.35325068933 -1.02828485335 0.0 0.0 0.0 0.779881961809 -0.625926613625
56.1 5.36249053184 -0.956284423778 0.0 0.0 0.0 0.783258519644 -0.621696140735
56.2 5.36249053184 -0.956284423778 0.0 0.0 0.0 0.783258519644 -0.621696140735
56.3 5.36151256152 -0.952292563852 0.0 0.0 0.0 0.783055201525 -0.621952209872
