46.0 7.14646396685 0.751791305834 0.0 0.0 0.0 0.522498564716 0.852640164354
46.1 7.16916349184 0.796341632044 0.0 0.0 0.0 0.522498564716 0.852640164354
46.2 7.19186301682 0.840891958253 0.0 0.0 0.0 0.522498564716 0.852640164354
46.3 7.21456254181 0.885442284462 0.0 0.0 0.0 0.522498564716 0.852640164354
46.4 7.2372620668 0.929992610672 0.0 0.0 0.0 0.522498564716 0.852640164354
46.5 7.25996159179 0.974542936881 0.0 0.0 0.0 0.522498564716 0.852640164354
46.6 7.28266111677 1.01909326309 0.0 0.0 0.0 0.522498564716 0.852640164354
46.7 7.30536064176 1.0636435893 0.0 0.0 0.0 0.522498564716 0.852640164354
46.8 7.32806016675 1.10819391551 0.0 0.0 0.0 0.522498564716 0.852640164354
46.9 7.35075969173 1.15274424172 0.0 0.0 0.0 0.522498564716 0.852640164354
47.0 7.36302429743 1.1768148857 0.0 0.0 0.0 0.587785252292 0.809016994375
47.1 7.37137242716 1.20250778714 0.0 0.0 0.0 0.64944804833 0.7604059656
47.2 7.37559852227 1.22919030153 0.0 0.0 0.0 0.707106781187 0.707106781187
47.3 7.37559852227 1.25620541682 0.0 0.0 0.0 0.7604059656 0.64944804833
47.4 7.37137242716 1.28288793122 0.0 0.0 0.0 0.809016994375 0.587785252292
47.5 7.36302429743 1.30858083266 0.0 0.0 0.0 0.852640164354 0.522498564716
47.6 7.35075969173 1.33265147664 0.0 0.0 0.0 0.891006524188 0.45399049974
47.7 7.33488060538 1.35450716401 0.0 0.0 0.0 0.923879532511 0.382683432365
47.8 7.29952526632 1.38986250307 0.0 0.0 0.0 0.923879532511 0.382683432365
47.9 7.26416992726 1.42521784213 0.0 0.0 0.0 0.923879532511 0.382683432365
48.0 7.2288145882 1.46057318119 0.0 0.0 0.0 0.923879532511 0.382683432365
48.1 7.19345924914 1.49592852025 0.0 0.0 0.0 0.923879532511 0.382683432365
48.2 7.15810391008 1.53128385931 0.0 0.0 0.0 0.923879532511 0.382683432365
48.3 7.12274857102 1.56663919837 0.0 0.0 0.0 0.923879532511 0.382683432365
48.4 7.08739323196 1.60199453743 0.0 0.0 0.0 0.923879532511 0.382683432365
48.5 7.06829066074 1.62109710865 0.0 0.0 0.0 0.951056516295 0.309016994375
48.6 7.04643497336 1.63697619501 0.0 0.0 0.0 0.972369920398 0.233445363856
48.8 6.99667142795 1.65758893043 0.0 0.0 0.0 0.996917333733 0.0784590957278
48.9 6.96998891355 1.66181502554 0.0 0.0 0.0 1.0 6.12323399574e-17
49.0 6.96998891355 1.66181502554 0.0 0.0 0.0 1.0 6.12323399574e-17
49.1 6.94297379826 1.66181502554 0.0 0.0 0.0 0.996917333733 -0.0784590957278
49.2 6.91629128386 1.65758893043 0.0 0.0 0.0 0.987688340595 -0.15643446504
49.3 6.86873845805 1.64213808071 0.0 0.0 0.0 0.987688340595 -0.15643446504
49.4 6.82118563223 1.62668723099 0.0 0.0 0.0 0.987688340595 -0.15643446504
49.6 6.72607998061 1.59578553155 0.0 0.0 0.0 0.987688340595 -0.15643446504
49.7 6.67852715479 1.58033468183 0.0 0.0 0.0 0.987688340595 -0.15643446504
49.8 6.63097432898 1.56488383212 0.0 0.0 0.0 0.987688340595 -0.15643446504
49.9 6.58342150316 1.5494329824 0.0 0.0 0.0 0.987688340595 -0.15643446504
50.1 6.53365795774 1.52882024697 0.0 0.0 0.0 0.951056516295 -0.309016994375
50.2 6.51180227037 1.51294116062 0.0 0.0 0.0 0.923879532511 -0.382683432365
50.3 6.49269969915 1.4938385894 0.0 0.0 0.0 0.891006524188 -0.45399049974
50.4 6.47682061279 1.47198290202 0.0 0.0 0.0 -0.852640164354 0.522498564716
50.5 6.4645560071 1.44791225804 0.0 0.0 0.0 -0.809016994375 0.587785252292
50.6 6.44910515738 1.40035943223 0.0 0.0 0.0 -0.809016994375 0.587785252292
50.7 6.43365430766 1.35280660641 0.0 0.0 0.0 -0.809016994375 0.587785252292
50.8 6.41820345794 1.3052537806 0.0 0.0 0.0 -0.809016994375 0.587785252292
50.9 6.40275260822 1.25770095478 0.0 0.0 0.0 -0.809016994375 0.587785252292
51.0 6.3873017585 1.21014812897 0.0 0.0 0.0 -0.809016994375 0.587785252292
51.2 6.35640005907 1.11504247734 0.0 0.0 0.0 -0.809016994375 0.587785252292
51.3 6.34094920935 1.06748965152 0.0 0.0 0.0 -0.809016994375 0.587785252292
51.4 6.32549835963 1.01993682571 0.0 0.0 0.0 -0.809016994375 0.587785252292
51.5 6.31004750991 0.972383999894 0.0 0.0 0.0 -0.809016994375 0.587785252292
51.6 6.29459666019 0.924831174079 0.0 0.0 0.0 -0.809016994375 0.587785252292
51.7 6.27914581047 0.877278348264 0.0 0.0 0.0 -0.809016994375 0.587785252292
51.8 6.26369496075 0.829725522449 0.0 0.0 0.0 -0.809016994375 0.587785252292
51.9 6.24824411104 0.782172696635 0.0 0.0 0.0 -0.809016994375 0.587785252292
52.0 6.23279326132 0.73461987082 0.0 0.0 0.0 -0.809016994375 0.587785252292
52.1 6.22444513159 0.708926969382 0.0 0.0 0.0 -0.7604059656 0.64944804833
52.2 6.22021903648 0.682244454987 0.0 0.0 0.0 -0.707106781187 0.707106781187
52.4 6.22444513159 0.628546825298 0.0 0.0 0.0 -0.587785252292 0.809016994375
52.5 6.2398959813 0.580993999483 0.0 0.0 0.0 -0.587785252292 0.809016994375
52.6 6.25534683102 0.533441173669 0.0 0.0 0.0 -0.587785252292 0.809016994375
52.7 6.27079768074 0.485888347854 0.0 0.0 0.0 -0.587785252292 0.809016994375
52.8 6.28624853046 0.438335522039 0.0 0.0 0.0 -0.587785252292 0.809016994375
52.9 6.30169938018 0.390782696224 0.0 0.0 0.0 -0.587785252292 0.809016994375
53.0 6.3171502299 0.343229870409 0.0 0.0 0.0 -0.587785252292 0.809016994375
53.1 6.33260107962 0.295677044595 0.0 0.0 0.0 -0.587785252292 0.809016994375
53.4 6.37895362877 0.15301856715 0.0 0.0 0.0 -0.587785252292 0.809016994375
53.5 6.39440447849 0.105465741336 0.0 0.0 0.0 -0.587785252292 0.809016994375
53.7 6.42530617793 0.0103600897062 0.0 0.0 0.0 -0.587785252292 0.809016994375
53.9 6.45620787737 -0.0847455619233 0.0 0.0 0.0 -0.587785252292 0.809016994375
54.2 6.46878210221 -0.16413609305 0.0 0.0 0.0 -0.7604059656 0.64944804833
54.3 6.46096037895 -0.21352051008 0.0 0.0 0.0 -0.7604059656 0.64944804833
54.4 6.4531386557 -0.26290492711 0.0 0.0 0.0 -0.7604059656 0.64944804833
55.1 6.39838659294 -0.608595846318 0.0 0.0 0.0 -0.7604059656 0.64944804833
55.2 6.39056486969 -0.657980263348 0.0 0.0 0.0 -0.7604059656 0.64944804833
55.3 6.38274314643 -0.707364680377 0.0 0.0 0.0 -0.7604059656 0.64944804833
55.4 6.37492142318 -0.756749097407 0.0 0.0 0.0 -0.7604059656 0.64944804833
55.6 6.35927797668 -0.855517931467 0.0 0.0 0.0 -0.7604059656 0.64944804833
55.7 6.35145625343 -0.904902348496 0.0 0.0 0.0 -0.7604059656 0.64944804833
55.8 6.34363453017 -0.954286765526 0.0 0.0 0.0 -0.7604059656 0.64944804833
55.9 6.34363453017 -0.954286765526 0.0 0.0 0.0 -0.7604059656 0.64944804833
56.0 6.34363453017 -0.954286765526 0.0 0.0 0.0 -0.7604059656 0.64944804833
56.1 6.34363453017 -0.954286765526 0.0 0.0 0.0 -0.7604059656 0.64944804833
56.2 6.34363453017 -0.954286765526 0.0 0.0 0.0 -0.7604059656 0.64944804833
56.3 6.34363453017 -0.954286765526 0.0 0.0 0.0 -0.7604059656 0.64944804833
